function out=cmapNature();
out=[...
        132 192 57;
        131 192 57;
        130 192 57;
        129 192 58;
        128 192 58;
        127 192 58;
        125 192 58;
        124 192 58;
        123 192 58;
        122 192 58;
        121 192 58;
        120 193 58;
        119 193 58;
        117 193 59;
        116 193 59;
        115 193 59;
        114 193 59;
        113 193 59;
        112 193 59;
        111 193 59;
        110 193 59;
        108 193 59;
        107 194 60;
        106 194 60;
        105 194 60;
        104 194 60;
        103 194 60;
        102 194 60;
        101 194 60;
        99 194 60;
        98 194 60;
        97 194 61;
        96 194 61;
        95 194 61;
        94 195 61;
        93 195 61;
        92 195 61;
        90 195 61;
        89 195 61;
        88 195 61;
        87 195 62;
        86 195 62;
        85 195 62;
        84 195 62;
        83 195 62;
        81 195 62;
        80 196 62;
        79 196 62;
        78 196 62;
        77 196 63;
        76 196 63;
        75 196 63;
        74 196 63;
        72 196 63;
        71 196 63;
        70 196 63;
        69 196 63;
        68 196 63;
        67 197 64;
        66 197 64;
        65 197 64;
        63 197 64;
        62 197 64;
        61 197 64;
        60 197 64;
        60 196 65;
        60 195 66;
        60 194 67;
        60 193 68;
        60 191 69;
        60 190 70;
        60 189 71;
        60 188 72;
        60 187 73;
        60 186 74;
        60 185 75;
        60 184 76;
        60 183 77;
        60 182 78;
        60 181 79;
        60 180 80;
        60 179 81;
        60 178 82;
        60 177 84;
        60 175 85;
        60 174 86;
        60 173 87;
        60 172 88;
        60 171 89;
        60 170 90;
        60 169 91;
        60 168 92;
        60 167 93;
        60 166 94;
        60 165 95;
        60 164 96;
        59 163 97;
        59 162 98;
        59 161 99;
        59 159 100;
        59 158 101;
        59 157 102;
        59 156 103;
        59 155 104;
        59 154 105;
        59 153 106;
        59 152 107;
        59 151 108;
        59 150 109;
        59 149 110;
        59 148 111;
        59 147 112;
        59 146 113;
        59 145 114;
        59 143 115;
        59 142 116;
        59 141 117;
        59 140 118;
        59 139 119;
        59 138 120;
        59 137 121;
        59 136 122;
        59 135 123;
        59 134 124;
        59 133 125;
        59 132 126;
        59 131 127;
        59 130 128;
        59 129 129;
        59 128 131;
        59 126 133;
        59 125 135;
        59 124 137;
        59 123 139;
        59 122 141;
        59 121 143;
        59 120 145;
        58 119 147;
        58 118 149;
        58 117 151;
        58 116 153;
        58 115 155;
        58 114 157;
        58 113 159;
        58 112 161;
        58 111 163;
        58 110 165;
        58 109 167;
        58 108 169;
        58 107 171;
        58 106 173;
        58 105 175;
        58 104 177;
        58 103 179;
        58 102 181;
        58 101 183;
        58 100 185;
        58 99 187;
        58 98 189;
        58 97 191;
        58 96 193;
        58 95 195;
        58 94 197;
        58 92 199;
        58 91 201;
        58 90 203;
        58 89 205;
        58 88 207;
        58 87 209;
        58 86 211;
        58 85 213;
        58 84 215;
        58 83 217;
        58 82 219;
        58 81 221;
        58 80 223;
        58 79 225;
        58 78 227;
        58 77 229;
        57 76 231;
        57 75 233;
        57 74 235;
        57 73 237;
        57 72 239;
        57 71 241;
        57 70 243;
        57 69 245;
        57 68 247;
        57 67 249;
        57 66 251;
        57 65 253;
        57 64 255;
        58 63 255;
        59 62 255;
        60 61 255;
        61 60 255;
        62 59 255;
        64 58 255;
        65 57 255;
        66 56 255;
        67 55 255;
        68 54 255;
        69 53 255;
        70 52 255;
        71 51 255;
        73 50 255;
        74 49 255;
        75 48 255;
        76 47 255;
        77 46 255;
        78 45 255;
        79 44 255;
        80 43 255;
        81 42 255;
        83 41 255;
        84 40 255;
        85 39 255;
        86 38 255;
        87 37 255;
        88 36 255;
        89 35 255;
        90 34 255;
        91 33 255;
        93 32 255;
        94 31 255;
        95 30 255;
        96 29 255;
        97 28 255;
        98 27 255;
        99 26 255;
        100 25 255;
        102 24 255;
        103 23 255;
        104 22 255;
        105 21 255;
        106 20 255;
        107 19 255;
        108 18 255;
        109 17 255;
        110 16 255;
        112 15 255;
        113 14 255;
        114 13 255;
        115 12 255;
        116 11 255;
        117 10 255;
        118 9 255;
        119 8 255;
        120 7 255;
        122 6 255;
        123 5 255;
        124 4 255;
        125 3 255;
        126 2 255;
        127 1 255;
        128 0 255;
    ];
out=out./255;
