function out=cmapCool()
out=[94,198,193;
92,198,193;
91,198,193;
89,198,193;
88,198,193;
86,198,193;
85,198,193;
83,198,193;
82,198,193;
80,197,193;
79,197,193;
77,197,193;
76,197,193;
74,197,193;
73,197,193;
72,197,193;
70,197,193;
69,197,193;
67,197,193;
66,197,193;
64,197,193;
63,197,193;
61,197,193;
60,197,193;
58,197,193;
57,197,193;
55,197,193;
54,197,194;
52,197,194;
51,197,194;
49,197,194;
48,197,194;
47,197,194;
45,197,194;
44,197,194;
42,197,194;
41,197,194;
39,196,194;
38,196,194;
36,196,194;
35,196,194;
33,196,194;
32,196,194;
30,196,194;
29,196,194;
27,196,194;
26,196,194;
25,196,194;
23,196,194;
22,196,194;
20,196,194;
19,196,194;
17,196,194;
16,196,194;
14,196,194;
13,196,194;
11,196,194;
10,196,194;
8,196,194;
7,196,194;
6,196,194;
4,196,194;
3,196,194;
1,196,194;
0,195,194;
0,194,194;
0,192,194;
0,190,194;
0,189,194;
0,187,194;
0,186,194;
0,184,194;
0,183,194;
0,181,194;
0,180,194;
0,178,194;
0,177,194;
0,175,194;
0,174,194;
0,172,194;
0,170,194;
0,169,194;
0,167,194;
0,166,194;
0,164,194;
0,163,194;
0,161,194;
0,160,195;
0,158,195;
0,157,195;
0,155,195;
0,154,195;
0,152,195;
0,150,195;
0,149,195;
0,147,195;
0,146,195;
0,144,195;
0,143,195;
0,141,195;
0,140,195;
0,138,195;
0,137,195;
0,135,195;
0,134,195;
0,132,195;
0,130,195;
0,129,195;
0,127,195;
0,126,195;
0,124,195;
0,123,195;
0,121,195;
0,120,195;
0,118,195;
0,117,195;
0,115,195;
0,114,195;
0,112,195;
0,110,195;
0,109,195;
0,107,195;
0,106,195;
0,104,195;
0,103,195;
0,101,195;
0,100,195;
0,98,195;
0,97,195;
0,95,193;
0,94,192;
0,92,190;
0,90,189;
0,89,187;
0,87,186;
0,86,184;
0,84,183;
0,83,181;
0,81,180;
0,80,178;
0,78,177;
0,77,175;
0,75,174;
0,74,172;
0,72,170;
0,71,169;
0,69,167;
0,68,166;
0,66,164;
0,65,163;
0,63,161;
0,61,160;
0,60,158;
0,58,157;
0,57,155;
0,55,154;
0,54,152;
0,52,151;
0,51,149;
0,49,148;
0,48,146;
0,46,145;
0,45,143;
0,43,142;
0,42,140;
0,40,139;
0,39,137;
0,37,136;
0,36,134;
0,34,133;
0,32,131;
0,31,130;
0,29,128;
0,28,127;
0,26,125;
0,25,124;
0,23,122;
0,22,121;
0,20,119;
0,19,117;
0,17,116;
0,16,114;
0,14,113;
0,13,111;
0,11,110;
0,10,108;
0,8,107;
0,6,105;
0,5,104;
0,3,102;
0,2,101;
0,0,99;
0,0,98;
0,0,96;
0,0,95;
0,0,93;
0,0,92;
0,0,90;
0,0,88;
0,0,87;
0,0,85;
0,0,84;
0,0,82;
0,0,81;
0,0,79;
0,0,78;
0,0,76;
0,0,74;
0,0,73;
0,0,71;
0,0,70;
0,0,68;
0,0,67;
0,0,65;
0,0,64;
0,0,62;
0,0,61;
0,0,59;
0,0,57;
0,0,56;
0,0,54;
0,0,53;
0,0,51;
0,0,50;
0,0,48;
0,0,47;
0,0,45;
0,0,43;
0,0,42;
0,0,40;
0,0,39;
0,0,37;
0,0,36;
0,0,34;
0,0,33;
0,0,31;
0,0,29;
0,0,28;
0,0,26;
0,0,25;
0,0,23;
0,0,22;
0,0,20;
0,0,19;
0,0,17;
0,0,16;
0,0,14;
0,0,12;
0,0,11;
0,0,9;
0,0,8;
0,0,6;
0,0,5;
0,0,3;
0,0,2;
0,0,0];
out=out./255;
