function out=cmapGray2()
out=[198,199,197;
197,198,196;
196,197,196;
196,197,195;
195,196,194;
194,195,194;
194,195,193;
193,194,192;
192,193,192;
192,193,191;
191,192,191;
190,191,190;
190,191,189;
189,190,189;
188,189,188;
187,189,187;
187,188,187;
186,187,186;
185,187,185;
185,186,185;
184,185,184;
183,185,183;
183,184,183;
182,183,182;
181,183,181;
181,182,181;
180,181,180;
179,181,179;
178,180,179;
178,179,178;
177,179,177;
176,178,177;
176,177,176;
175,177,175;
174,176,175;
174,175,174;
173,175,173;
172,174,173;
172,173,172;
171,173,172;
170,172,171;
169,171,170;
169,171,170;
168,170,169;
167,169,168;
167,169,168;
166,168,167;
165,167,166;
165,167,166;
164,166,165;
163,165,164;
163,165,164;
162,164,163;
161,163,162;
161,163,162;
160,162,161;
159,161,160;
158,161,160;
158,160,159;
157,159,158;
156,159,158;
156,158,157;
155,157,156;
154,157,156;
154,156,155;
153,155,155;
153,155,154;
152,154,153;
151,154,153;
151,153,152;
150,152,152;
150,152,151;
149,151,151;
149,151,150;
148,150,149;
147,149,149;
147,149,148;
146,148,148;
146,148,147;
145,147,146;
145,146,146;
144,146,145;
144,145,145;
143,145,144;
142,144,144;
142,143,143;
141,143,142;
141,142,142;
140,142,141;
140,141,141;
139,141,140;
139,140,139;
138,139,139;
137,139,138;
137,138,138;
136,138,137;
136,137,137;
135,136,136;
135,136,135;
134,135,135;
134,135,134;
133,134,134;
132,133,133;
132,133,132;
131,132,132;
131,132,131;
130,131,131;
130,130,130;
129,130,130;
129,129,129;
128,129,128;
127,128,128;
127,127,127;
126,127,127;
126,126,126;
125,126,126;
125,125,125;
124,124,124;
124,124,124;
123,123,123;
122,123,123;
122,122,122;
121,121,121;
121,121,121;
120,120,120;
120,120,120;
119,119,119;
119,119,119;
118,118,118;
117,117,117;
117,117,117;
116,116,116;
115,115,115;
115,115,115;
114,114,114;
113,113,113;
113,113,113;
112,112,112;
111,111,111;
111,111,111;
110,110,110;
109,109,109;
109,109,109;
108,108,108;
107,107,107;
107,107,107;
106,106,106;
105,105,105;
105,105,105;
104,104,104;
104,103,104;
103,103,103;
102,102,102;
102,101,102;
101,101,101;
100,100,100;
100,99,100;
99,99,99;
98,98,98;
98,97,98;
97,97,97;
96,96,96;
96,95,96;
95,95,95;
94,94,94;
94,93,94;
93,93,93;
92,92,92;
92,91,92;
91,91,91;
90,90,90;
90,89,90;
89,89,89;
88,88,88;
88,87,88;
87,87,87;
86,86,86;
86,85,86;
85,85,85;
85,84,85;
84,83,84;
83,83,83;
83,82,83;
82,81,82;
81,81,81;
81,80,81;
80,79,80;
79,79,79;
79,78,79;
78,77,78;
77,77,77;
77,76,77;
76,75,76;
75,74,75;
75,74,75;
74,73,74;
73,72,73;
73,72,72;
72,71,72;
71,70,71;
71,69,70;
70,69,70;
69,68,69;
69,67,68;
68,67,67;
67,66,67;
66,65,66;
66,64,65;
65,64,65;
64,63,64;
64,62,63;
63,62,62;
62,61,62;
62,60,61;
61,59,60;
60,59,60;
60,58,59;
59,57,58;
58,57,57;
58,56,57;
57,55,56;
56,54,55;
56,54,55;
55,53,54;
54,52,53;
54,52,52;
53,51,52;
52,50,51;
52,49,50;
51,49,50;
50,48,49;
50,47,48;
49,47,47;
48,46,47;
47,45,46;
47,44,45;
46,44,44;
45,43,44;
45,42,43;
44,42,42;
43,41,42;
43,40,41;
42,39,40;
41,39,39;
41,38,39;
40,37,38;
39,37,37;
39,36,37;
38,35,36;
37,34,35;
37,34,34;
36,33,34;
35,32,33;
35,32,32;
34,31,32;
33,30,31];
out=out./255;
