function out=cmapCooler()
out=[198,199,197;
197,197,196;
196,196,195;
195,195,195;
193,194,194;
192,193,193;
191,192,192;
190,191,191;
189,190,191;
188,189,190;
187,188,189;
186,186,188;
185,185,187;
184,184,187;
183,183,186;
181,182,185;
180,181,184;
179,180,183;
178,179,183;
177,178,182;
176,177,181;
175,175,180;
174,174,179;
173,173,179;
172,172,178;
171,171,177;
169,170,176;
168,169,175;
167,168,175;
166,167,174;
165,166,173;
164,164,172;
163,163,171;
162,162,171;
161,161,170;
160,160,169;
159,159,168;
157,158,167;
156,157,167;
155,156,166;
154,154,165;
153,153,164;
152,152,163;
151,151,163;
150,150,162;
149,149,161;
148,148,160;
147,147,159;
145,146,159;
144,145,158;
143,143,157;
142,142,156;
141,141,155;
140,140,155;
139,139,154;
138,138,153;
137,137,152;
136,136,151;
135,135,151;
133,134,150;
132,132,149;
131,131,148;
130,130,147;
129,129,147;
128,128,146;
127,127,145;
126,126,144;
125,125,144;
124,124,143;
123,123,142;
122,121,141;
121,120,141;
120,119,140;
119,118,139;
118,117,138;
117,116,137;
116,115,137;
114,114,136;
113,113,135;
112,112,134;
111,111,134;
110,109,133;
109,108,132;
108,107,131;
107,106,131;
106,105,130;
105,104,129;
104,103,128;
103,102,128;
102,101,127;
101,100,126;
100,99,125;
99,97,124;
98,96,124;
97,95,123;
96,94,122;
95,93,121;
94,92,121;
93,91,120;
92,90,119;
90,89,118;
89,88,118;
88,87,117;
87,85,116;
86,84,115;
85,83,115;
84,82,114;
83,81,113;
82,80,112;
81,79,111;
80,78,111;
79,77,110;
78,76,109;
77,75,108;
76,73,108;
75,72,107;
74,71,106;
73,70,105;
72,69,105;
71,68,104;
70,67,103;
69,66,102;
68,65,102;
67,64,101;
65,63,100;
64,61,99;
63,60,99;
62,59,98;
62,59,97;
62,59,96;
62,59,95;
62,59,95;
62,59,94;
62,59,93;
62,59,92;
62,59,92;
62,59,91;
62,59,90;
62,59,89;
62,59,89;
62,59,88;
62,60,87;
63,60,86;
63,60,86;
63,60,85;
63,60,84;
63,60,83;
63,60,82;
63,60,82;
63,60,81;
63,60,80;
63,60,79;
63,60,79;
63,60,78;
63,60,77;
63,60,76;
63,60,76;
63,61,75;
63,61,74;
63,61,73;
63,61,73;
63,61,72;
63,61,71;
64,61,70;
64,61,69;
64,61,69;
64,61,68;
64,61,67;
64,61,66;
64,61,66;
64,61,65;
64,61,64;
64,61,63;
64,61,63;
64,62,62;
64,62,61;
64,62,60;
64,62,60;
64,62,59;
64,62,58;
64,62,57;
64,62,57;
64,62,56;
65,62,55;
65,62,54;
65,62,53;
65,62,53;
65,62,52;
65,62,51;
65,62,50;
65,63,50;
65,63,49;
64,62,48;
63,61,47;
62,60,47;
61,59,46;
60,58,45;
59,57,44;
58,56,44;
57,55,43;
56,54,42;
55,53,41;
54,52,40;
53,51,40;
52,50,39;
51,49,38;
50,48,37;
49,47,37;
48,46,36;
47,45,35;
46,44,34;
45,43,34;
44,42,33;
43,41,32;
42,40,31;
41,39,31;
40,38,30;
39,37,29;
38,36,28;
37,35,27;
36,34,27;
35,33,26;
34,32,25;
33,31,24;
32,30,24;
31,29,23;
30,28,22;
29,27,21;
27,27,21;
26,26,20;
25,25,19;
24,24,18;
23,23,18;
22,22,17;
21,21,16;
20,20,15;
19,19,15;
18,18,14;
17,17,13;
16,16,12;
15,15,11;
14,14,11;
13,13,10;
12,12,9;
11,11,8;
10,10,8;
9,9,7;
8,8,6;
7,7,5;
6,6,5;
5,5,4;
4,4,3;
3,3,2;
2,2,2;
1,1,1;
0,0,0];
out=out./255;
