function out=cmapGray()
out=[198,199,197;
197,198,196;
196,197,195;
195,196,195;
195,195,194;
194,194,193;
193,194,192;
192,193,191;
191,192,191;
191,191,190;
190,190,189;
189,190,188;
188,189,187;
187,188,187;
186,187,186;
186,186,185;
185,185,184;
184,185,183;
183,184,183;
182,183,182;
182,182,181;
181,181,180;
180,180,179;
179,180,179;
178,179,178;
178,178,177;
177,177,176;
176,176,175;
175,176,175;
174,175,174;
173,174,173;
173,173,172;
172,172,171;
171,171,171;
170,171,170;
169,170,169;
169,169,168;
168,168,167;
167,167,167;
166,166,166;
165,166,165;
165,165,164;
164,164,163;
163,163,163;
162,162,162;
161,162,161;
160,161,160;
160,160,159;
159,159,159;
158,158,158;
157,157,157;
156,157,156;
156,156,155;
155,155,155;
154,154,154;
153,153,153;
152,152,152;
152,152,151;
151,151,151;
150,150,150;
149,149,149;
148,148,148;
147,147,147;
147,147,147;
146,146,146;
145,145,145;
144,144,144;
144,144,144;
143,143,143;
142,142,142;
141,141,141;
140,140,141;
140,140,140;
139,139,139;
138,138,138;
137,137,137;
137,137,137;
136,136,136;
135,135,135;
134,134,134;
133,133,134;
133,133,133;
132,132,132;
131,131,131;
130,130,131;
130,130,130;
129,129,129;
128,128,128;
127,127,128;
126,126,127;
126,126,126;
125,125,125;
124,124,124;
123,123,124;
123,123,123;
122,122,122;
121,121,121;
120,120,121;
119,119,120;
119,119,119;
118,118,118;
117,117,118;
116,116,117;
116,116,116;
115,115,115;
114,114,115;
113,113,114;
112,112,113;
112,112,112;
111,111,111;
110,110,111;
109,109,110;
109,109,109;
108,108,108;
107,107,108;
106,106,107;
106,106,106;
105,105,105;
104,104,105;
103,103,104;
102,102,103;
102,102,102;
101,101,102;
100,100,101;
99,99,100;
99,99,99;
98,98,99;
97,97,98;
96,96,97;
95,95,96;
95,95,95;
94,94,95;
93,93,94;
92,93,93;
92,92,92;
91,91,92;
90,90,91;
89,90,90;
89,89,89;
88,88,89;
87,87,88;
86,87,87;
86,86,86;
85,85,86;
84,84,85;
83,84,84;
82,83,83;
82,82,82;
81,81,82;
80,81,81;
79,80,80;
79,79,79;
78,78,79;
77,78,78;
76,77,77;
76,76,76;
75,76,76;
74,75,75;
73,74,74;
73,73,73;
72,73,73;
71,72,72;
70,71,71;
69,70,70;
69,70,69;
68,69,69;
67,68,68;
66,67,67;
66,67,66;
65,66,66;
64,65,65;
63,64,64;
63,64,63;
62,63,63;
61,62,62;
60,61,61;
60,61,60;
59,60,60;
58,59,59;
57,59,58;
57,58,57;
56,57,57;
55,56,56;
54,56,55;
53,55,54;
53,54,53;
52,53,53;
51,53,52;
50,52,51;
50,51,50;
49,50,50;
48,50,49;
47,49,48;
47,48,47;
46,47,47;
45,47,46;
44,46,45;
44,45,44;
43,44,44;
42,43,43;
41,43,42;
41,42,41;
40,41,40;
39,40,40;
38,40,39;
38,39,38;
37,38,37;
36,37,37;
35,36,36;
35,36,35;
34,35,34;
33,34,34;
32,33,33;
32,33,32;
31,32,31;
30,31,31;
29,30,30;
29,29,29;
28,29,28;
27,28,27;
26,27,27;
26,26,26;
25,26,25;
24,25,24;
23,24,24;
23,23,23;
22,22,22;
21,22,21;
20,21,21;
20,20,20;
19,19,19;
18,19,18;
17,18,18;
17,17,17;
16,16,16;
15,16,15;
14,15,15;
14,14,14;
13,13,13;
12,12,12;
11,12,11;
11,11,11;
10,10,10;
9,9,9;
8,9,8;
8,8,8;
7,7,7;
6,6,6;
5,5,5;
5,5,5;
4,4,4;
3,3,3;
2,2,2;
2,2,2;
1,1,1;
0,0,0];
out=out./255;
