function colors = colorSet(N,type)
colors=[[18,133,158];[49,97,107];[45,209,148];[215,103,100];[158,18,73];[18,133,158]]; %Compound
colors=colors ./ 255;
